[[ 4.32629855e-01  4.80435202e-01  3.55174814e-01  1.11944942e+00
   7.98423239e-01  1.32432123e+00  3.10756310e-01 -1.09778018e-01
   7.12755697e-01  1.23668705e+00  1.32891316e+00  6.69844521e-01
   1.05148806e+00  1.19409935e+00]
 [ 7.25141229e-01  1.16345897e+00  8.52020166e-02  7.97155447e-01
   1.14408919e+00  8.39057856e-01  5.62783506e-01 -9.66782274e-01
  -5.86356684e-01  4.64705296e-02 -1.45691060e-01  3.64898364e-02
  -4.32454034e-01  5.31338812e-01]
 [ 1.23677381e+00  4.52601433e-01 -5.53334523e-02  1.22422434e+00
   1.25007747e+00  1.32432123e+00  1.07455158e+00 -1.42880023e+00
  -7.89773177e-01 -1.17102169e-01 -9.16746183e-01  1.89366988e-02
  -1.09204383e+00  2.28067516e-01]
 [ 6.59951407e-01 -7.03962807e-01 -6.62924352e-01  8.17006544e-01
   1.05913179e+00  1.25677375e+00  9.55949994e-01 -1.52093124e+00
  -1.41820346e+00 -1.41321017e+00 -1.39110060e+00 -4.32191868e-01
  -1.34280791e+00 -1.03385867e+00]
 [-1.80128168e-01 -1.31936847e+00 -1.04004565e+00  1.60507165e-03
   3.43774728e-01  2.24462561e-01  8.86150683e-01 -1.52093124e+00
  -1.41820346e+00 -1.92159289e+00 -1.39110060e+00 -5.84515945e-01
  -9.33600651e-01 -1.43922494e+00]
 [ 4.73504963e-01 -1.59756200e-01 -2.38237965e-01  6.86972815e-01
   9.23767157e-01  4.38482730e-01  1.07455158e+00 -1.24378343e+00
  -1.25854950e+00 -1.92159289e+00 -1.39110060e+00  6.22525655e-01
   5.94880039e-01 -2.90200802e-01]
 [ 5.13347540e-01  1.27698865e-02 -6.51713604e-02  8.76307462e-01
   1.25007747e+00 -2.68842345e-01  1.07455158e+00 -1.15115078e+00
  -1.03538814e+00 -4.13039222e-01 -9.16821671e-01  1.10602165e+00
   1.18792613e+00  6.68396395e-01]
 
 [-1.22231541e+00 -2.83360739e-01 -1.56496128e-01  9.58176984e-01
  -3.17369161e-01 -5.90393521e-01  6.48840520e-01 -1.48811194e-01
  -6.36112229e-03  1.23668705e+00 -1.04543500e+00  1.67149853e+00
   3.61097451e-01  7.20555750e-01]
 [-1.49705358e+00 -6.72777829e-01 -5.76589765e-01 -5.31425826e-01
  -1.57715684e+00 -1.68607911e+00  7.50014205e-01  1.16292650e-01
  -1.55639894e-01  3.09588055e-01 -9.38501170e-01  1.67149853e+00
  -5.25763066e-02 -1.03335263e-01]
 [-1.49705358e+00  2.19511173e-02 -6.01923459e-01 -1.81759077e+00
  -1.57715684e+00 -1.68607911e+00 -1.91263056e-01 -1.80905557e-01
  -5.02726613e-01 -1.11702293e+00  7.69932903e-01 -1.46277983e+00
  -3.98543684e-01 -3.65823413e-01]
 [-1.49705358e+00 -1.33260067e+00 -3.44985007e-01 -1.81759077e+00
  -1.57327269e+00 -1.68607911e+00 -1.31312330e+00  8.50737017e-01
   1.65755390e-02 -1.92159289e+00  7.27801446e-01 -1.46277983e+00
  -1.34245118e+00 -4.46403978e-01]
 [-1.18360408e+00 -1.33260067e+00  1.23220193e-01 -1.81759077e+00
  -1.57715684e+00 -1.68607911e+00 -1.80178382e+00  1.34262914e+00
  -4.14262735e-01 -1.92159289e+00 -8.93068902e-01 -1.46277983e+00
  -1.34280791e+00  6.86765281e-02]
 [ 5.66363436e-02 -5.28124172e-01  8.02702385e-01 -1.81759077e+00
  -1.21915537e+00 -1.59988270e+00 -1.80178382e+00  1.34262914e+00
  -2.76380190e-01 -1.84553676e-01 -1.27382916e+00 -1.46277983e+00
  -1.34280791e+00  1.25880248e+00]
 [ 4.47606209e-01  8.26926470e-01  1.48004931e+00 -7.36122691e-01
  -7.07045815e-01 -1.54540556e-01 -1.80178382e+00  1.59136038e-01
   4.45511151e-01  7.33684015e-01 -1.39110060e+00 -1.15040960e+00
  -1.27487507e+00  6.91566249e-01]
 [ 1.05683514e+00  1.69565929e+00  1.67107813e+00  5.47560354e-02
  -7.30033947e-01  3.20720067e-01 -1.80178382e+00  4.57549325e-01
   1.20837131e+00  1.06968246e+00 -4.81523458e-01 -4.47014561e-01
  -6.65320638e-01  1.69468978e-02]
 [ 1.26223732e+00  1.69565929e+00  4.19102661e-01  5.03269911e-01
   3.72666951e-01  7.03355714e-01 -1.34769174e+00  9.02066731e-01
   1.05085708e+00  8.68138874e-01  4.58023718e-01  2.65139302e-01
   4.09388379e-01  2.40129504e-02]
 [ 1.16322327e+00  3.85379223e-01 -1.36838908e+00  4.20552126e-01
   5.18762360e-01  7.91000627e-01 -9.83150693e-01  6.34566436e-01
   5.94494847e-01  2.32491706e-01 -7.87016454e-02 -5.12845666e-02
   7.93436028e-01 -1.03512472e+00]
 [ 1.26223732e+00  5.27294715e-01 -1.36838908e+00  7.98031175e-01
   4.54551141e-01  1.20819282e+00 -1.41690286e-01  7.00547058e-01
   1.51407925e+00  9.60590831e-01  6.15167321e-01  2.37251729e-01
   1.12309560e+00 -1.22038081e+00]
 [ 1.26223732e+00  1.69565929e+00 -1.28249034e+00  1.22422434e+00
   8.56156074e-01  1.12603890e+00  3.63968216e-01  9.83885822e-01
   1.51407925e+00  1.23668705e+00  1.32891316e+00  9.15513009e-01
   1.42906571e+00 -8.78089624e-01]
 [ 1.08749280e+00  1.02129464e+00 -7.82719026e-01  4.67701352e-01
   1.21931086e+00  1.32432123e+00  9.90622863e-01  1.07234561e+00
   1.50543402e+00  8.51577321e-01  1.32891316e+00  7.19047707e-01
   1.42906571e+00 -1.15695294e+00]
 [ 1.19853666e-01 -3.17769992e-01 -2.74260396e-01 -6.72215248e-01
   1.25007747e+00  1.32432123e+00  1.07455158e+00  8.31674877e-01
   1.42998944e+00  3.55826348e-01  6.96264335e-01 -2.22792561e-01
   7.61246161e-01 -1.43922494e+00]
 [-1.57499920e-01 -1.83593604e-01  7.61518140e-01 -7.11871600e-01
   1.25007747e+00  7.31892408e-01  9.89768693e-01  3.92536292e-01
   7.20840129e-01 -2.67491321e-01  1.03003759e+00 -4.00884344e-01
  -3.36788381e-01 -1.43922494e+00]
 [ 2.34968136e-02 -3.36415498e-01  1.59669788e+00 -7.67575178e-01
   4.64175241e-01 -2.69894693e-01  6.11905946e-01  1.42262930e-01
  -1.49281419e-01 -3.15018778e-01  1.32828258e+00 -3.19312301e-01
  -1.03483163e+00 -1.21307455e+00]
 [-5.97617114e-01 -1.25850649e+00  1.67107813e+00 -1.28550303e+00
   2.37397593e-01 -8.32242222e-01  3.85053325e-01 -5.71741508e-01
  -1.01582723e+00  7.33944478e-02  3.69631067e-01 -1.00371444e+00
  -1.34280791e+00 -1.43922494e+00]
 [-1.49590381e+00 -1.33260067e+00  1.67107813e+00 -8.06525969e-01
   7.33748934e-02 -3.91767818e-01  3.95748453e-02 -1.52093124e+00
  -1.41820346e+00  6.50876907e-01 -2.87612803e-01 -1.27053263e+00
  -1.31040563e+00 -4.32262864e-01]
 [-1.21298587e+00 -7.32267697e-01  1.67107813e+00  1.54752389e-01
  -2.94687197e-01 -2.50482277e-01  4.09952093e-01 -5.50704976e-01
  -6.52372362e-01  1.23668705e+00  8.96890754e-01 -1.36387472e-01
   3.25381202e-01  1.44995083e+00]
 [-7.59743325e-01 -7.97881568e-01  7.45607044e-01 -1.32373006e-02
  -1.36611581e+00 -2.59759537e-01  6.74918145e-01  1.34262914e+00
  -1.08885471e-01  7.70877132e-01  1.18551142e+00  5.78839740e-01
   7.11790061e-01  1.44995083e+00]
 [-1.49705358e+00 -1.33260067e+00 -1.36838908e+00 -8.06738447e-01
  -1.57715684e+00 -9.09802965e-01 -7.14841155e-01 -1.21346965e+00
  -1.41820346e+00 -7.04322783e-01 -9.97414091e-01 -9.02653936e-01
  -4.90199020e-02  7.01257012e-01]
 [-1.03121764e+00 -8.50529623e-01 -1.36838908e+00 -1.41690940e-01
  -7.87310718e-01 -1.02824174e+00 -1.55561910e+00 -1.52093124e+00
  -7.40055509e-01 -8.37392367e-01 -7.64853155e-01 -5.77026576e-01
   1.88209724e-01  7.54728782e-01]
 [ 9.65980830e-01  1.61788912e+00 -1.29951038e+00  1.22422434e+00
  -5.43679761e-01  3.08571882e-01 -3.48755361e-01  1.32996640e+00
   1.51407925e+00 -3.32272605e-02  1.29711388e+00  1.49423617e+00
   1.42906571e+00  1.44995083e+00]
 [ 1.26223732e+00  1.69565929e+00 -2.23946103e-01  1.22422434e+00
  -3.62415974e-01  5.58790475e-01  3.77437001e-01  1.34262914e+00
   1.51407925e+00  3.34549166e-01  1.32891316e+00  1.67149853e+00
   1.42906571e+00  1.44995083e+00]]




   [-1.82193541e-01  1.82079403e-01  2.46027520e-02  1.19063521e+00
   7.43822727e-01 -5.04457880e-01  5.47367316e-01 -2.94431174e-01
  -3.76472331e-01  8.84256265e-01 -3.85708968e-01  1.67149853e+00
   1.06994090e+00  1.27415535e+00]

   [-1.82193541e-01  1.82079403e-01  2.46027520e-02  1.19063521e+00
   7.43822727e-01 -5.04457880e-01  5.47367316e-01 -2.94431174e-01
  -3.76472331e-01  8.84256265e-01 -3.85708968e-01  1.67149853e+00
   1.06994090e+00  1.27415535e+00]